N = 980, mean +- sd: 2.5347 +- 8.9348
Each * represents 12 items
[  1,   2): **************************************************************** (771)
[  2,   3): ********* (112)
[  3,   4): ** (33)
[  4,   5): * (18)
[  5,   6):  (5)
[  6,   7):  (2)
[  7,   8):  (2)
[  8,   9):  (1)
[  9,  10):  (1)
[ 10,  11):  (2)
[ 11,  12):  (3)
[ 12,  13):  (1)
[ 13,  14):  (3)
[ 14,  15):  (0)
[ 15,  16):  (0)
[ 16,  17):  (0)
[ 17,  18):  (0)
[ 18,  19):  (2)
[ 19,  20):  (1)
[ 20,  21):  (0)
[ 21,  22):  (0)
[ 22,  23):  (1)
[ 23,  24):  (0)
[ 24,  25):  (0)
[ 25,  26):  (0)
[ 26,  27):  (1)
[ 27,  28):  (2)
[ 28,  29):  (1)
[ 29,  30):  (2)
[ 30,  31):  (1)
[ 31,  32):  (3)
[ 32,  33):  (0)
[ 33,  34):  (0)
[ 34,  35):  (1)
[ 35,  36):  (1)
[ 36,  37):  (3)
[ 37,  38):  (1)
[ 38,  39):  (0)
[ 39,  40):  (0)
[ 40,  41):  (0)
[ 41,  42):  (0)
[ 42,  43):  (0)
[ 43,  44):  (0)
[ 44,  45):  (0)
[ 45,  46):  (0)
[ 46,  47):  (0)
[ 47,  48):  (0)
[ 48,  49):  (0)
[ 49,  50):  (0)
[ 50,  51):  (1)
[ 51,  52):  (0)
[ 52,  53):  (0)
[ 53,  54):  (0)
[ 54,  55):  (0)
[ 55,  56):  (0)
[ 56,  57):  (0)
[ 57,  58):  (0)
[ 58,  59):  (0)
[ 59,  60):  (0)
[ 60,  61):  (0)
[ 61,  62):  (0)
[ 62,  63):  (0)
[ 63,  64):  (0)
[ 64,  65):  (0)
[ 65,  66):  (0)
[ 66,  67):  (0)
[ 67,  68):  (0)
[ 68,  69):  (0)
[ 69,  70):  (0)
[ 70,  71):  (1)
[ 71,  72):  (0)
[ 72,  73):  (1)
[ 73,  74):  (1)
[ 74,  75):  (0)
[ 75,  76):  (0)
[ 76,  77):  (0)
[ 77,  78):  (0)
[ 78,  79):  (0)
[ 79,  80):  (0)
[ 80,  81):  (0)
[ 81,  82):  (0)
[ 82,  83):  (0)
[ 83,  84):  (0)
[ 84,  85):  (0)
[ 85,  86):  (0)
[ 86,  87):  (0)
[ 87,  88):  (0)
[ 88,  89):  (0)
[ 89,  90):  (0)
[ 90,  91):  (0)
[ 91,  92):  (0)
[ 92,  93):  (0)
[ 93,  94):  (0)
[ 94,  95):  (0)
[ 95,  96):  (0)
[ 96,  97):  (0)
[ 97,  98):  (0)
[ 98,  99):  (0)
[ 99, 100):  (0)
[100, 101):  (0)
[101, 102):  (0)
[102, 103):  (0)
[103, 104):  (0)
[104, 105):  (0)
[105, 106):  (0)
[106, 107):  (0)
[107, 108):  (0)
[108, 109):  (0)
[109, 110):  (0)
[110, 111):  (0)
[111, 112):  (0)
[112, 113):  (0)
[113, 114):  (0)
[114, 115):  (0)
[115, 116):  (0)
[116, 117):  (0)
[117, 118):  (0)
[118, 119):  (0)
[119, 120):  (0)
[120, 121):  (0)
[121, 122):  (0)
[122, 123):  (0)
[123, 124):  (0)
[124, 125):  (0)
[125, 126):  (0)
[126, 127):  (0)
[127, 128):  (0)
[128, 129):  (0)
[129, 130):  (0)
[130, 131):  (0)
[131, 132):  (0)
[132, 133):  (0)
[133, 134):  (0)
[134, 135):  (0)
[135, 136):  (0)
[136, 137):  (0)
[137, 138):  (0)
[138, 139):  (0)
[139, 140):  (1)
[140, 141):  (0)
[141, 142):  (0)
[142, 143):  (0)
[143, 144):  (0)
[144, 145):  (0)
[145, 146):  (0)
[146, 147):  (0)
[147, 148):  (0)
[148, 149):  (0)
[149, 150):  (0)
[150, 151):  (0)
[151, 152):  (0)
[152, 153):  (0)
[153, 154):  (0)
[154, 155):  (0)
[155, 156):  (0)
[156, 157):  (0)
[157, 158):  (0)
[158, 159):  (0)
[159, 160):  (0)
[160, 161):  (0)
[161, 162):  (0)
[162, 163):  (1)